[header]
width=50
height=30
tilewidth=16
tileheight=16
orientation=orthogonal
background_color=0,0,0,255

[tilesets]
tileset=arne_sprites.png,16,16,0,0
tileset=cuties.png,32,32,0,0

[layer]
type=layer
data=
0,0,0,0,0,0,0,0,0,0,0,0,0,0,0,0,0,0,0,0,0,0,0,0,0,0,0,0,0,0,0,0,0,0,0,0,0,0,0,0,0,0,0,0,0,0,0,0,0,0,
0,0,0,0,0,0,0,0,0,0,0,0,0,0,0,0,0,0,0,0,0,0,0,0,0,0,0,0,0,0,0,0,0,0,0,0,0,0,0,0,0,0,0,0,0,0,0,0,0,0,
0,0,0,0,0,0,0,0,0,0,0,0,0,0,0,0,0,0,0,0,0,0,0,0,0,0,0,0,0,0,0,0,0,0,0,0,0,0,0,0,0,0,0,0,0,0,0,0,0,0,
0,0,0,0,0,0,0,0,0,0,0,0,0,0,0,0,0,0,0,0,0,0,0,0,0,0,0,0,0,0,0,0,0,0,0,0,0,0,0,0,0,0,0,0,0,0,0,0,0,0,
0,0,0,0,0,0,0,0,0,0,0,0,0,0,0,0,0,0,0,0,0,0,0,0,0,0,0,0,0,0,0,0,0,0,0,0,0,0,0,0,0,0,0,0,0,0,0,0,0,0,
0,0,0,0,0,0,0,0,0,0,0,0,0,0,0,0,0,0,0,0,0,0,0,0,0,0,0,0,0,0,0,0,0,0,0,0,0,0,0,0,0,0,0,0,0,0,0,0,0,0,
0,0,0,0,0,0,0,0,0,0,0,0,0,0,0,0,0,0,0,0,0,0,0,0,0,0,0,0,0,0,0,0,0,0,0,0,0,0,0,0,0,0,0,0,0,0,0,0,0,0,
0,0,0,0,0,0,0,0,0,0,0,0,0,0,0,0,0,0,0,0,0,0,0,0,0,0,0,0,0,0,0,0,0,0,0,0,0,0,0,0,0,0,0,0,0,0,0,0,0,0,
0,0,0,0,0,0,0,0,0,0,0,0,0,0,0,0,0,0,0,0,0,0,0,0,0,0,0,0,0,0,0,0,0,0,0,0,0,0,0,0,0,0,0,0,0,0,0,0,0,0,
0,0,0,0,0,0,0,0,0,0,0,0,0,0,0,0,0,0,0,0,0,0,0,0,0,0,0,0,0,0,0,0,0,0,0,0,0,0,0,0,0,0,0,0,0,0,0,0,0,0,
97,98,0,0,0,0,0,0,0,0,0,0,0,0,0,0,0,0,0,0,0,0,0,0,0,0,0,0,0,0,0,0,0,0,0,0,0,0,0,0,0,0,0,0,0,0,0,0,0,0,
0,0,0,0,97,98,0,0,0,0,0,0,0,0,0,0,97,98,0,0,0,0,0,0,97,98,0,0,0,0,0,0,0,0,0,97,98,113,114,115,116,0,0,0,0,0,0,0,0,0,
0,0,113,114,115,116,0,0,0,113,114,115,116,0,0,0,0,0,0,0,0,0,0,0,0,0,0,0,0,0,0,0,0,0,0,0,0,0,0,0,0,0,0,0,0,0,0,0,0,0,
0,0,0,0,0,0,0,0,0,0,0,0,0,0,0,0,0,0,0,0,0,0,0,0,0,0,0,0,0,0,0,0,0,0,0,0,0,0,0,0,0,0,0,0,0,0,0,0,0,0,
0,0,0,0,0,0,0,0,97,98,0,0,0,0,0,0,0,0,0,0,0,0,0,0,0,0,0,0,0,0,0,0,0,0,0,0,0,0,0,0,0,0,0,0,0,0,0,0,0,0,
0,0,0,0,0,0,0,0,0,0,0,0,0,0,0,0,0,0,0,0,0,0,0,0,0,0,0,0,0,0,0,0,0,0,0,0,0,0,0,0,0,0,0,0,0,0,0,0,0,0,
0,0,0,0,0,0,0,0,0,0,0,0,0,0,0,0,0,0,0,0,0,0,0,0,0,0,0,0,0,0,0,0,0,0,0,0,0,0,0,0,0,0,0,0,0,0,0,0,0,0,
0,0,0,0,0,0,0,0,0,0,0,0,0,0,0,0,0,0,0,0,0,0,0,0,0,0,0,0,0,0,0,0,0,0,0,0,0,0,0,0,0,0,0,0,0,0,0,0,0,0,
0,0,0,0,0,0,0,0,0,0,0,0,0,0,0,0,0,0,0,0,0,0,0,0,0,0,0,0,0,0,0,0,0,0,0,0,0,0,0,0,0,0,0,0,0,0,0,0,0,0,
0,0,0,0,0,0,0,0,0,0,0,0,0,0,0,0,0,0,0,0,0,0,0,0,0,0,0,0,0,0,0,0,0,0,0,0,0,0,0,0,0,0,0,0,0,0,0,0,0,0,
0,0,0,0,0,0,0,0,0,0,0,0,0,0,0,0,0,0,0,0,0,0,0,0,0,0,0,0,0,0,0,0,0,0,0,0,0,0,0,0,0,0,0,0,0,0,0,0,0,0,
0,0,0,0,0,0,0,0,0,0,0,0,0,0,0,0,0,0,0,0,0,0,0,0,0,0,0,0,0,0,0,0,0,0,0,0,0,0,0,0,0,0,0,0,0,0,0,0,0,0,
0,0,0,0,0,0,0,0,0,0,0,0,0,0,0,0,0,0,0,0,0,0,0,0,0,0,0,0,0,0,0,0,0,0,0,0,0,0,0,0,0,17,18,18,18,19,18,18,19,20,
17,18,18,18,19,20,0,0,0,0,0,0,0,0,101,102,101,102,101,0,0,101,102,101,102,101,0,0,0,0,0,0,0,0,0,101,102,101,102,101,0,33,34,35,35,35,34,35,34,33,
33,34,34,34,35,33,0,101,102,101,102,101,0,0,17,18,18,18,20,0,0,17,18,18,18,20,0,0,101,102,101,102,101,102,0,17,18,18,18,20,0,33,35,35,35,34,35,34,34,33,
33,35,34,35,34,33,0,17,18,18,18,20,0,0,36,34,35,34,36,0,0,36,34,35,34,36,0,0,17,18,18,18,18,20,0,36,34,34,34,36,0,33,34,34,35,35,35,34,34,33,
33,35,34,34,35,33,0,36,34,35,34,36,0,0,36,34,35,34,36,0,0,36,34,35,34,36,0,0,36,34,35,34,34,36,0,36,34,34,34,36,0,33,34,34,34,35,34,34,35,33,
33,35,34,34,35,33,0,36,34,35,34,36,0,0,36,34,35,34,36,0,0,36,34,35,34,36,0,0,36,34,35,34,34,36,0,36,34,34,34,36,0,33,35,34,34,34,35,35,34,33,
33,34,34,35,34,33,101,36,34,35,34,36,101,102,36,34,35,34,36,101,102,36,34,35,34,36,101,102,36,34,35,34,34,36,101,36,34,34,34,36,101,33,34,35,35,35,34,34,34,33,
33,34,34,35,35,33,36,36,34,35,34,36,36,36,36,34,35,34,36,36,36,36,34,35,34,36,36,36,36,34,35,34,34,36,36,36,34,34,34,36,36,33,34,35,35,34,35,34,34,33

[ObjectsLayer]
# Player
type=Player
location=2,21,0,0

[ObjectsLayer]
# Victory
type=Victory
location=44,19,1,1

[ObjectsLayer]
# Annoying
type=Annoying
location=9,13,1,1

[ObjectsLayer]
# Annoying
type=Annoying
location=15,12,1,1

[ObjectsLayer]
# Annoying
type=Annoying
location=22,12,1,1

[ObjectsLayer]
# Annoying
type=Annoying
location=24,12,1,1

[ObjectsLayer]
# Annoying
type=Annoying
location=29,12,1,1

[ObjectsLayer]
# Annoying
type=Annoying
location=32,12,1,1

[ObjectsLayer]
# Annoying
type=Annoying
location=36,12,1,1

[ObjectsLayer]
# Annoying
type=Annoying
location=38,12,1,1

[ObjectsLayer]
# Annoying
type=Annoying
location=42,12,1,1

[ObjectsLayer]
# Annoying
type=Annoying
location=42,10,1,1

