[header]
width=120
height=20
tilewidth=16
tileheight=16
orientation=orthogonal
background_color=0,0,0,255

[tilesets]
tileset=arne_sprites.png,16,16,0,0
tileset=cuties.png,32,32,0,0

[layer]
type=Tile Layer 1
data=
0,0,0,0,0,0,0,0,0,0,0,0,0,0,0,0,0,0,0,0,0,0,113,114,115,116,0,0,0,0,0,0,0,0,0,0,0,0,0,0,0,0,0,0,0,0,0,0,0,33,33,33,33,33,33,33,33,33,33,33,33,33,33,33,33,33,33,33,33,33,33,33,33,33,33,33,33,0,0,0,0,0,0,0,0,0,0,0,0,0,0,0,0,0,0,0,0,0,0,113,114,115,116,0,0,0,0,0,0,0,0,0,0,0,0,0,0,0,0,0,
0,0,0,0,113,114,115,116,0,0,0,0,0,0,97,98,0,0,0,0,0,0,0,0,0,0,0,0,0,0,113,114,115,116,0,0,0,0,0,0,0,0,0,0,113,114,115,116,0,33,33,33,33,33,33,33,33,33,33,33,33,33,33,33,33,33,33,33,33,33,33,33,33,33,33,33,33,0,0,0,0,113,114,115,116,0,0,0,0,0,0,97,98,0,0,0,0,0,0,0,0,0,0,0,0,0,0,113,114,115,116,0,0,0,0,0,0,0,0,0,
0,97,98,0,0,0,0,0,0,0,113,114,115,116,0,0,0,0,0,97,98,0,0,0,0,0,97,98,0,0,0,0,0,0,0,0,0,97,98,0,0,0,0,0,0,0,0,0,0,33,33,33,33,33,33,33,33,33,33,33,33,33,33,33,33,33,33,33,33,33,33,33,33,33,33,33,33,0,97,98,0,0,0,0,0,0,0,113,114,115,116,0,0,0,0,0,97,98,0,0,0,0,0,97,98,0,0,0,0,0,0,0,0,0,97,98,0,0,0,0,
0,0,0,0,97,98,0,0,0,0,0,0,0,0,0,0,97,98,0,0,0,0,0,0,0,0,0,0,0,0,0,0,0,0,0,0,0,0,0,0,0,0,0,0,0,0,0,0,0,33,33,33,33,33,33,33,33,33,33,33,33,33,33,33,33,33,33,33,33,33,33,33,33,33,33,33,33,0,0,0,0,97,98,0,0,0,0,0,0,0,0,0,0,97,98,0,0,0,0,0,0,0,0,0,0,0,0,0,0,0,0,0,0,0,0,0,0,0,0,0,
0,0,0,0,0,0,0,0,0,0,0,0,97,98,0,0,0,0,0,0,0,113,114,115,116,0,0,0,0,0,0,97,98,0,0,113,114,115,116,0,0,0,0,0,0,0,0,0,0,33,33,33,33,33,33,33,33,33,33,33,33,33,33,33,33,33,33,33,33,33,33,33,33,33,33,33,33,0,0,0,0,0,0,0,0,0,0,0,0,97,98,0,0,0,0,0,0,0,113,114,115,116,0,0,0,0,0,0,97,98,0,0,113,114,115,116,0,0,0,0,
115,116,0,0,0,0,0,0,97,98,0,0,0,0,113,114,115,116,0,0,0,0,0,0,0,0,0,0,0,0,0,0,0,0,0,0,0,0,0,0,0,0,0,0,0,0,0,0,0,33,33,33,33,33,33,33,33,33,33,33,33,33,33,33,33,33,33,33,33,33,33,33,33,33,33,33,33,115,116,0,0,0,0,0,0,97,98,0,0,0,0,113,114,115,116,0,0,0,0,0,0,0,0,0,0,0,0,0,0,0,0,0,0,0,0,0,0,0,0,0,
0,0,113,114,115,116,0,0,0,0,0,0,0,0,0,0,0,0,0,0,0,0,0,0,113,114,115,116,0,0,0,0,0,0,0,0,0,0,0,0,0,113,114,115,116,0,0,0,0,33,33,33,33,33,33,33,33,33,33,33,33,33,33,33,33,33,33,33,33,33,33,33,33,33,33,33,33,0,0,113,114,115,116,0,0,0,0,0,0,0,0,0,0,0,0,0,0,0,0,0,0,113,114,115,116,0,0,0,0,0,0,0,0,0,0,0,0,0,113,114,
0,0,0,0,0,0,0,97,98,0,0,0,0,0,0,0,0,0,97,98,0,0,0,0,0,0,0,0,0,0,0,0,0,0,0,0,0,0,0,0,0,0,0,0,0,0,0,0,0,7,0,0,0,0,0,0,0,0,0,0,0,0,0,0,0,0,0,0,0,0,0,0,0,0,0,0,-2147483641,0,0,0,0,0,0,0,97,98,0,0,0,0,0,0,0,0,0,97,98,0,0,0,0,0,0,0,0,0,0,0,0,0,0,0,0,0,0,0,0,0,0,0,
0,0,0,0,0,0,0,0,0,0,0,0,0,0,0,0,0,0,0,0,0,0,0,97,98,0,0,0,0,0,0,0,113,114,115,116,0,0,0,0,0,0,0,0,0,0,0,0,0,7,0,0,0,0,0,0,0,0,0,0,0,0,0,0,0,0,0,0,0,0,0,0,0,0,0,0,-2147483641,0,0,0,0,0,0,0,0,0,0,0,0,0,0,0,0,0,0,0,0,0,0,0,97,98,0,0,0,0,0,0,0,113,114,115,116,0,0,0,0,0,0,0,
0,0,0,0,0,0,0,0,0,0,0,0,0,0,0,0,0,0,0,0,0,0,0,0,0,0,0,0,0,0,0,0,0,0,0,0,0,0,0,0,0,0,0,0,0,0,0,0,0,7,0,0,0,0,0,0,0,0,0,0,0,0,0,0,0,0,0,0,0,0,0,0,0,0,0,0,-2147483641,0,0,0,0,0,0,0,0,0,0,0,0,0,0,0,0,0,0,0,0,0,0,0,0,0,0,0,0,0,0,0,0,0,0,0,0,0,0,0,0,0,0,0,
0,0,0,0,0,0,0,0,0,0,0,0,0,0,0,0,0,0,0,0,0,0,0,0,0,0,0,0,0,0,0,0,0,0,0,0,0,0,0,0,0,0,0,0,0,0,0,0,0,7,0,0,0,0,0,0,0,0,0,0,0,0,0,0,0,0,0,0,0,0,0,0,0,0,0,0,-2147483641,0,0,0,0,0,0,0,0,0,0,0,0,0,0,0,0,0,0,0,0,0,0,0,0,0,0,0,0,0,0,0,0,0,0,0,0,0,0,0,0,0,0,0,
0,0,0,0,0,0,0,0,0,0,0,0,0,0,0,0,0,0,0,0,0,0,0,0,0,0,0,0,0,0,0,0,0,0,0,0,0,0,0,0,0,0,0,0,0,0,0,0,0,7,0,0,0,7,19,19,19,18,18,18,19,19,19,19,19,18,19,19,19,19,19,18,-2147483641,0,0,0,-2147483641,0,0,0,0,0,0,0,0,0,0,0,0,0,0,0,0,0,0,0,0,0,0,0,0,0,0,0,0,0,0,0,0,0,0,0,0,0,0,0,0,0,0,0,
0,0,0,0,0,0,0,0,0,0,0,0,0,0,0,0,0,0,0,0,0,0,0,0,0,0,0,0,0,0,0,0,0,0,0,0,0,0,0,0,0,0,0,0,0,0,0,0,0,7,0,0,0,7,34,34,35,35,34,35,35,35,34,34,35,35,34,34,34,34,35,35,-2147483641,0,0,0,-2147483641,0,0,0,0,0,0,0,0,0,0,0,0,0,0,0,0,0,0,0,0,0,0,0,0,0,0,0,0,0,0,0,0,0,0,0,0,0,0,0,0,0,0,0,
0,0,0,0,0,0,0,0,0,0,0,0,0,0,0,0,0,0,0,0,0,0,0,0,0,0,0,0,0,0,0,0,0,0,0,0,0,0,0,0,0,0,0,0,0,0,0,0,0,7,0,0,0,7,34,34,34,35,35,34,34,35,34,34,34,35,34,34,34,34,34,35,-2147483641,0,0,0,-2147483641,0,0,0,0,0,0,0,0,0,0,0,0,0,0,0,0,0,0,0,0,0,0,0,0,0,0,0,0,0,0,0,0,0,0,0,0,0,0,0,0,0,0,0,
0,0,0,0,0,0,0,0,0,0,0,0,0,0,0,0,0,0,0,0,0,0,0,0,0,0,0,0,0,0,0,0,0,0,0,0,0,0,0,0,0,0,0,0,0,0,0,0,0,0,0,0,0,7,34,34,35,34,34,35,34,34,34,34,35,34,34,34,34,34,35,34,-2147483641,0,0,0,0,0,0,0,0,0,0,0,0,0,0,0,0,0,0,0,0,0,0,0,0,0,0,0,0,0,0,0,0,0,0,0,0,0,0,0,0,0,0,0,0,0,0,0,
0,0,0,0,0,0,0,0,0,0,0,0,0,0,0,0,0,0,0,0,0,0,0,0,0,0,0,0,0,0,0,0,0,0,0,0,0,0,0,0,0,0,0,0,0,0,0,0,0,0,0,0,0,7,34,34,34,35,35,34,34,35,34,34,34,35,34,34,34,34,34,35,-2147483641,0,0,0,0,0,0,0,0,0,0,0,0,0,0,0,0,0,0,0,0,0,0,0,0,0,0,0,0,0,0,0,0,0,0,0,0,17,-2147483630,-2147483629,-2147483629,-2147483629,-2147483629,-2147483629,-2147483630,-2147483647,0,0,
1,18,19,19,19,19,18,18,18,19,19,20,6,6,6,6,6,6,6,1,18,19,19,19,19,18,18,18,19,19,20,0,0,0,0,0,0,0,1,18,19,19,19,19,18,18,18,19,19,19,19,18,18,18,34,34,35,34,34,35,34,34,34,34,35,34,34,34,34,34,35,34,-2147483630,-2147483630,-2147483630,-2147483629,-2147483629,-2147483629,-2147483629,-2147483630,-2147483630,-2147483630,-2147483629,-2147483629,-2147483629,-2147483629,-2147483630,-2147483630,-2147483630,-2147483630,-2147483629,-2147483629,-2147483629,-2147483629,-2147483630,-2147483630,-2147483630,-2147483629,-2147483629,-2147483629,-2147483629,-2147483630,-2147483630,-2147483630,-2147483630,-2147483630,-2147483647,0,0,33,-2147483613,-2147483613,-2147483614,-2147483614,-2147483614,-2147483614,-2147483614,-2147483615,0,0,
33,34,34,34,34,35,35,34,35,35,35,33,0,0,0,0,0,0,0,33,34,34,34,34,35,35,34,35,35,35,33,102,101,101,102,101,101,101,33,34,34,34,34,35,35,34,35,35,35,34,35,35,34,35,35,34,35,35,34,35,35,35,35,34,35,35,35,34,35,34,35,35,-2147483613,-2147483614,-2147483613,-2147483613,-2147483614,-2147483613,-2147483613,-2147483613,-2147483614,-2147483613,-2147483613,-2147483614,-2147483614,-2147483614,-2147483614,-2147483613,-2147483614,-2147483613,-2147483613,-2147483614,-2147483613,-2147483613,-2147483613,-2147483614,-2147483613,-2147483613,-2147483614,-2147483614,-2147483614,-2147483613,-2147483614,-2147483613,-2147483613,-2147483614,-2147483615,0,0,33,-2147483613,-2147483614,-2147483614,-2147483614,-2147483613,-2147483613,-2147483613,-2147483615,0,0,
33,35,35,35,34,34,35,35,34,34,35,33,102,101,101,102,101,101,101,33,35,35,35,34,34,35,35,34,34,35,33,18,18,19,18,19,18,18,33,35,35,35,34,34,35,35,34,34,35,34,34,35,35,34,34,34,34,35,35,34,34,35,34,34,34,35,34,34,34,34,34,35,-2147483614,-2147483613,-2147483613,-2147483614,-2147483614,-2147483613,-2147483614,-2147483614,-2147483613,-2147483613,-2147483614,-2147483614,-2147483613,-2147483613,-2147483613,-2147483614,-2147483613,-2147483613,-2147483614,-2147483614,-2147483613,-2147483614,-2147483614,-2147483613,-2147483613,-2147483614,-2147483614,-2147483613,-2147483613,-2147483614,-2147483613,-2147483613,-2147483614,-2147483613,-2147483615,0,0,33,-2147483613,-2147483614,-2147483614,-2147483614,-2147483613,-2147483613,-2147483613,-2147483615,0,0,
33,35,35,34,34,35,34,34,35,34,34,33,18,18,19,18,19,18,18,33,35,35,34,34,35,34,34,35,34,34,33,34,34,35,34,35,34,35,33,35,35,34,34,35,34,34,35,34,34,34,35,34,34,35,34,34,35,34,34,35,34,34,34,34,34,35,35,34,34,34,34,35,-2147483613,-2147483614,-2147483614,-2147483613,-2147483614,-2147483614,-2147483614,-2147483613,-2147483614,-2147483614,-2147483613,-2147483614,-2147483614,-2147483613,-2147483613,-2147483613,-2147483614,-2147483614,-2147483613,-2147483614,-2147483614,-2147483614,-2147483613,-2147483614,-2147483614,-2147483613,-2147483614,-2147483614,-2147483613,-2147483613,-2147483614,-2147483614,-2147483613,-2147483614,-2147483615,101,101,33,-2147483614,-2147483613,-2147483614,-2147483614,-2147483614,-2147483613,-2147483613,-2147483615,101,102


[ObjectsLayer]
# Player
type=Player
location=0,12,2,2

[ObjectsLayer]
# Annoying
type=Annoying
location=89,7,1,1

[ObjectsLayer]
# Victory
type=Victory
location=113,13,1,1


