[header]
width=70
height=30
tilewidth=16
tileheight=16
orientation=orthogonal
background_color=0,0,0,255

[tilesets]
tileset=arne_sprites.png,16,16,0,0
tileset=cuties.png,32,32,0,0

[layer]
type=layer
data=
33,33,33,33,33,33,33,33,33,33,33,33,33,33,33,33,33,33,33,33,33,33,33,33,33,33,33,33,33,33,33,33,33,33,33,33,33,33,33,33,33,33,33,33,33,33,33,33,33,33,33,33,33,33,33,33,33,33,33,33,33,33,33,33,33,33,33,33,33,33,
33,33,33,33,33,33,33,33,33,33,33,33,33,33,33,33,33,33,33,33,33,33,33,33,33,33,33,33,33,33,33,33,33,33,33,33,33,33,33,33,33,33,33,33,33,33,33,33,33,33,33,33,33,33,33,33,33,33,33,33,33,33,33,33,33,33,33,33,33,33,
33,33,33,33,33,33,33,33,33,33,33,33,33,33,33,33,33,33,33,33,33,33,33,33,33,33,33,33,33,33,33,33,33,33,33,33,33,33,33,33,33,33,33,33,33,33,33,33,33,33,33,33,33,33,33,33,33,33,33,33,33,33,33,33,33,33,33,33,33,33,
33,33,33,33,33,33,33,33,33,33,33,33,33,33,33,33,33,33,33,33,33,33,33,33,33,33,33,33,33,33,33,33,33,33,33,33,33,33,33,33,33,33,33,33,33,33,33,33,33,33,33,33,33,33,33,33,33,33,33,33,33,33,33,33,33,33,33,33,33,33,
33,33,33,33,33,33,33,33,33,33,33,33,33,33,33,33,33,33,33,33,33,33,33,33,33,33,33,33,33,33,33,33,33,33,33,33,33,33,33,33,33,33,33,33,33,33,33,33,33,33,33,33,33,33,33,33,33,33,33,33,33,33,33,33,33,33,33,33,33,33,
33,33,33,33,33,33,33,33,33,33,33,33,33,33,33,33,33,33,33,33,33,33,33,33,33,33,33,33,33,33,33,33,33,33,33,33,33,33,33,33,33,33,33,33,33,33,33,33,33,33,33,33,33,33,33,33,33,33,33,33,33,33,33,33,33,33,33,33,33,33,
33,33,33,33,33,33,33,33,33,33,33,33,33,33,33,33,33,33,33,33,33,33,33,33,33,33,33,33,33,33,33,33,33,33,33,33,33,33,33,33,33,33,33,33,33,33,33,33,33,33,33,33,33,33,33,33,33,33,33,33,33,33,33,33,33,33,33,33,33,33,
33,33,33,33,33,33,33,33,33,33,33,33,33,33,33,33,33,33,33,33,33,33,33,33,33,33,33,33,33,33,33,33,33,33,33,33,33,33,33,33,33,33,33,33,33,33,33,33,33,33,33,33,33,33,33,33,33,33,33,33,33,33,33,33,33,33,33,33,33,33,
0,97,98,0,0,0,0,0,0,0,0,7,113,114,115,116,0,0,0,7,0,0,0,0,0,0,0,7,0,0,0,0,0,0,0,7,0,0,0,0,0,0,0,0,0,0,0,7,0,0,0,0,0,0,0,0,0,0,0,0,0,0,0,113,114,115,116,0,0,0,
0,0,113,114,115,116,0,0,0,0,0,7,0,0,0,0,0,0,0,7,0,97,98,0,0,0,0,7,0,0,0,0,0,0,0,7,0,0,0,0,0,0,98,0,0,0,0,7,0,0,0,0,0,0,0,0,0,0,97,98,0,0,0,0,0,0,0,0,0,0,
0,0,0,0,0,0,0,97,98,0,0,7,0,0,0,0,0,0,0,7,0,0,0,0,0,0,0,7,0,0,0,0,0,0,0,7,0,0,0,0,0,0,113,114,115,116,0,7,0,0,0,0,0,97,98,113,114,115,116,0,0,0,0,0,0,0,0,97,98,0,
0,0,0,0,0,0,0,0,0,0,0,7,0,0,0,7,0,0,0,7,0,0,0,7,0,0,0,7,0,0,0,0,0,0,0,7,0,0,0,0,0,0,0,97,98,0,0,7,0,0,0,7,0,0,0,0,0,0,0,0,0,0,97,98,0,0,0,0,0,0,
0,0,0,0,0,0,0,0,0,0,0,7,0,0,0,7,0,0,0,7,0,0,0,7,0,0,0,7,0,0,0,7,0,0,0,7,0,0,0,7,0,0,0,0,0,0,0,7,0,0,0,7,0,0,0,0,0,0,0,0,0,0,0,0,0,0,0,0,113,114,
0,0,0,0,0,0,0,0,0,0,0,7,0,0,0,7,0,0,0,7,0,0,0,7,0,0,0,20,0,0,0,7,0,0,0,7,0,0,0,7,0,0,0,0,0,0,0,7,0,0,0,7,0,0,0,0,0,0,0,0,0,0,0,0,0,0,0,0,0,0,
0,0,0,0,0,0,0,0,0,0,0,7,0,0,0,7,0,0,0,20,0,0,0,7,0,0,0,0,0,0,0,7,0,0,0,20,0,0,0,7,0,0,0,0,0,0,0,7,0,0,0,7,0,0,0,0,0,0,0,0,0,0,0,0,0,0,0,0,0,0,
0,0,0,0,0,0,0,0,0,0,0,7,0,0,0,7,0,0,0,0,0,0,0,7,0,0,0,0,0,0,0,7,0,0,0,0,0,0,0,7,0,0,0,0,0,0,0,7,0,0,0,7,0,0,0,0,0,0,0,0,0,0,0,0,0,0,0,0,0,0,
0,0,0,0,0,0,0,0,0,0,0,7,0,0,0,7,0,0,0,0,0,0,0,7,0,0,0,0,0,0,0,7,0,0,0,0,0,0,0,7,0,0,0,0,0,0,0,7,0,0,0,7,0,0,0,0,0,0,0,0,0,0,0,0,0,0,0,0,0,0,
0,0,0,0,0,0,0,0,0,0,0,7,0,0,0,7,0,0,0,0,0,0,0,7,0,0,0,0,0,0,0,7,0,0,0,0,0,0,0,7,0,0,0,0,0,0,0,7,0,0,0,7,0,0,0,0,0,0,0,0,0,0,0,0,0,0,0,0,0,0,
0,0,0,0,0,0,0,0,0,0,0,7,0,0,0,7,0,0,0,0,0,0,0,7,0,0,0,7,0,0,0,7,0,0,0,7,0,0,0,7,0,0,0,0,0,0,0,7,0,0,0,7,0,0,0,0,0,0,0,0,0,0,0,0,0,0,0,0,0,0,
0,0,0,0,0,0,0,0,0,0,0,20,0,0,0,7,0,0,0,7,0,0,0,7,0,0,0,7,0,0,0,7,0,0,0,7,0,0,0,7,0,0,0,0,0,0,0,20,0,0,0,7,0,0,101,102,101,102,0,0,0,0,0,0,0,0,0,0,0,0,
17,18,19,3,0,0,0,0,0,0,0,0,0,0,0,7,0,0,0,7,0,0,0,7,0,0,0,7,0,0,0,7,0,0,0,7,0,0,0,7,0,0,0,0,0,0,0,0,0,0,0,7,0,0,20,20,20,20,0,0,0,0,0,0,0,0,0,0,0,0,
34,34,35,34,0,0,0,0,0,0,0,0,0,102,102,7,0,0,0,7,0,0,0,7,0,0,0,7,0,0,0,7,0,0,0,7,0,0,0,7,0,0,0,0,0,0,0,0,0,102,102,7,0,0,36,36,36,36,0,0,0,0,0,0,0,0,0,0,0,0,
35,34,35,35,0,0,0,0,0,0,0,102,101,17,19,7,0,0,0,7,0,0,0,20,0,0,0,7,0,0,0,7,0,0,0,7,0,0,0,20,0,0,0,0,0,0,0,102,101,17,19,20,0,0,0,0,0,0,0,0,17,18,18,18,19,18,18,19,20,0,
35,35,35,34,0,0,0,101,101,101,102,17,19,35,34,7,0,0,0,7,0,0,0,0,0,0,0,20,0,0,0,7,0,0,0,7,0,0,0,0,0,0,0,101,101,101,102,17,19,35,34,33,0,0,0,0,0,0,0,0,33,34,35,35,35,34,35,34,33,0,
34,34,35,35,0,0,0,17,18,18,18,35,35,35,34,7,0,0,0,7,0,0,0,0,0,0,0,0,0,0,0,7,0,0,0,20,0,0,0,0,0,0,0,17,18,18,18,35,35,35,34,33,0,0,0,0,0,0,0,0,33,35,35,35,34,35,34,34,33,0,
35,35,34,35,0,0,0,33,34,35,35,35,34,35,34,33,0,0,0,20,0,0,0,0,0,0,0,0,0,0,0,7,0,0,0,0,0,0,0,0,0,0,0,33,34,35,35,35,34,35,34,33,0,0,0,0,0,0,0,0,33,34,34,35,35,35,34,34,33,0,
34,34,34,34,0,0,0,33,34,34,35,35,35,34,34,33,0,0,0,0,0,0,0,0,0,0,0,0,0,0,0,20,0,0,0,0,0,0,0,0,0,0,0,33,34,34,34,35,35,34,34,33,0,0,0,0,0,0,0,0,0,0,0,0,0,0,0,0,0,0,
34,35,34,35,101,101,101,33,34,35,35,35,34,35,34,33,101,101,101,101,101,101,101,101,101,101,101,101,101,101,101,101,101,101,101,101,101,101,101,101,101,102,102,33,34,35,35,35,34,35,34,33,101,101,101,101,101,101,101,101,101,101,101,101,101,101,101,101,101,101,
34,35,34,34,19,18,18,33,35,35,35,34,34,35,34,33,19,18,19,18,19,18,18,19,18,19,18,18,19,18,19,18,18,19,18,19,18,18,19,18,19,18,19,33,35,35,35,34,34,35,34,33,19,18,18,18,18,18,18,18,18,18,18,18,18,18,18,18,18,18,
34,34,35,35,35,34,35,33,34,34,35,35,35,34,34,33,35,34,35,34,35,34,34,35,34,35,34,34,35,34,35,34,34,35,34,35,34,34,35,34,35,35,34,33,34,34,35,35,35,34,34,33,35,34,35,35,35,35,35,35,35,35,35,35,35,35,35,35,35,35

[ObjectsLayer]
# Player
type=Player
location=1,18,1,1

[ObjectsLayer]
# Victory
type=Victory
location=64,20,1,1

